.Random.seed <-
c(403L, 416L, 446445249L, -585572274L, -1484517742L, -2125530643L, 
303326890L, -944580883L, 35596115L, 1795824020L, 905363083L, 
742482932L, 1310533624L, -1612328893L, -846744760L, -1767439777L, 
402239701L, -1320531746L, 305586965L, 1129893794L, -722579922L, 
1284520841L, -878311434L, 1807028049L, -1431749633L, 369510144L, 
1152585815L, -186908064L, 1810071068L, -1149132537L, -213484340L, 
-794217829L, -470444679L, 18574514L, 828584537L, 613041542L, 
526374618L, 1853836565L, -1933322478L, 2106973461L, 1712684619L, 
-1543906196L, 206828563L, -545527012L, 1586668896L, -1486092837L, 
567228352L, 2045182855L, 1660219389L, 1478887542L, -516911235L, 
1165824458L, 2042494438L, -925963199L, -1880758738L, 65802025L, 
1036694823L, 174084584L, 1737122863L, 1631748837L, 1609326577L, 
1062907943L, 238302062L, 1116565476L, -839374522L, -1161150312L, 
-927951187L, 704664135L, 1227754667L, 1867830921L, -833230308L, 
190352830L, 1310191416L, 1821073770L, -1682735597L, -32536479L, 
57977749L, -1775745965L, 575641258L, 1135446144L, 1319281946L, 
441804772L, -1893329359L, -52074413L, -547491905L, -1023929323L, 
-1717032264L, -1394206374L, 848281868L, 1537673574L, -255577593L, 
-1512482115L, -1964562727L, 9184399L, 76597142L, -1097279060L, 
857632942L, 1514887568L, 228373669L, 1719050495L, -1399892013L, 
-541823231L, 1971705140L, 29448214L, -224065008L, 463402562L, 
871925883L, 8305177L, -257978563L, -454748677L, -1798197966L, 
-152029016L, 1266233858L, -717166468L, 1391408681L, 864293355L, 
-1418922233L, -1728470739L, -251991792L, -839473646L, 1788776964L, 
-1712245218L, 868658511L, 1256169237L, -1693070783L, -1524440201L, 
218259422L, 546453588L, -1750982730L, -87021688L, 335149629L, 
-1278535753L, -1801797957L, 493770553L, 1090078732L, -1011484018L, 
1668922568L, 1372586138L, 4771939L, 1306691793L, 525693701L, 
-65156029L, -1782831366L, 1812982512L, -1484035958L, 1594580788L, 
-834740671L, -1530905693L, 132662159L, -1825031067L, 1260792840L, 
915397162L, -1353204452L, 1376860310L, 222453271L, 1627902189L, 
125697385L, 1073379423L, -580441082L, -1316784292L, 662853854L, 
384352576L, 514815157L, -1084827025L, 653625251L, 581299825L, 
-2091899036L, -1306461146L, 1850809440L, 32331698L, 1282460811L, 
-1922592823L, -749280275L, -1771504789L, 1934222530L, 1510983896L, 
-2110124750L, 1253026764L, 571895353L, 1425463419L, 130033431L, 
-616545923L, -1487117408L, -449690590L, 992546580L, 67272142L, 
752848351L, -2013585211L, 1561047249L, 160982407L, -1240463026L, 
1506940612L, -1460088922L, 1992496248L, 591717133L, -225462809L, 
-1977459509L, -1200014679L, -953967044L, 1192875742L, 2036252120L, 
-1818604470L, -1747264717L, -899711295L, -1106085835L, -2133973197L, 
-1491470518L, -1110572768L, 2078872826L, 1634608452L, -1316122863L, 
-188177549L, 595339039L, -348931339L, -1866925544L, -631791430L, 
-1724856724L, 398966918L, 1304126311L, 1219920477L, 1597922873L, 
-1180125521L, -1032709834L, 903322508L, 2113943694L, -374056208L, 
-502916411L, 961776799L, -1336351629L, 1319709601L, -1956519340L, 
-1792922122L, -1421546576L, 1386669538L, -857509477L, 1451483769L, 
869443805L, 2081535515L, 1108569874L, 1353559688L, -720767966L, 
-2072495780L, -50183799L, 741935499L, -918553305L, 1007326221L, 
234611824L, -1580302094L, 1844504612L, -1800001602L, 795150063L, 
-1848992907L, 1940968353L, 1449434327L, -968047426L, 141454004L, 
-429445738L, -561893912L, -1539574115L, -178985385L, 1077698651L, 
24503641L, 826057516L, 956475566L, 2128597352L, -1451796358L, 
517480579L, 1326811697L, -1618543451L, 1859958435L, -310634214L, 
63818512L, -1333293846L, 2146938260L, 2093625761L, 1540212803L, 
1434385647L, -1219183035L, 1612044392L, 53790730L, -1449815556L, 
-1981785546L, 1847421175L, 1656936461L, 324268489L, 532883327L, 
1863203771L, 345919001L, 1136499350L, 147766298L, 367751554L, 
-1548276296L, -1830418847L, -1192445715L, 1031128765L, 837785071L, 
1813531412L, -1302820684L, 889393032L, 664203762L, 1922901315L, 
-1220286237L, -122136057L, 86379717L, -1318140782L, 1057971934L, 
668253686L, 1658542980L, 673858525L, -523313399L, -2025888447L, 
-1419834461L, -1462071144L, -433344304L, -1797435964L, 805927110L, 
320167L, -621023257L, -94301789L, -1071346159L, 220764318L, 2109733138L, 
-1652228630L, 246009632L, 1726007257L, 2008597093L, 630257909L, 
-1475951545L, -1780120548L, 1527120348L, 1339324576L, -703619126L, 
442171211L, 496757643L, 1308913407L, -846107827L, -1288151062L, 
-1864613722L, -1347074642L, 1412287388L, -960433275L, 1313404753L, 
564489417L, -260357077L, -1173290320L, -1876647192L, -303103156L, 
1170008206L, -1529452417L, 1555958655L, 741337515L, -92015191L, 
-1062629402L, 685422730L, 1664681874L, -1115619864L, -356571631L, 
263235869L, -411804179L, -1527861089L, 1914780132L, 1019168004L, 
-385821448L, 1110203490L, 2073734419L, 805388979L, 1170252215L, 
1126686261L, -2107070558L, -672452754L, 984934950L, -1046775276L, 
849022605L, -284601127L, -1104829391L, 2063300883L, -722479352L, 
1483253696L, 1344416596L, -1643634474L, 823540407L, 914237591L, 
60909811L, 2017579969L, 1477546510L, -132118110L, -1247098662L, 
625272752L, 809259753L, 1256693749L, -53132731L, 1691176535L, 
1718151948L, -828012084L, -736432208L, 751442394L, 1166571131L, 
654422459L, -1383049201L, -455585699L, -1041711462L, 1106510102L, 
1749999294L, -2117041716L, 671794197L, 1155815617L, 734400153L, 
345302971L, -220550208L, -137919112L, -264944132L, 1669124926L, 
1586342447L, 1751824847L, -1752063845L, 1813171705L, 266538614L, 
-1486860678L, 6636002L, -813628456L, 1882942337L, 979040653L, 
-1752055715L, -1774057265L, -455123340L, -1979672364L, 1770514216L, 
113954834L, -106919517L, -1967719293L, -2003291545L, -2061586267L, 
-2119773966L, -471785410L, -246794922L, 97893348L, 1256328445L, 
-634231767L, -884054687L, 786778243L, -1582294344L, -22040208L, 
-93660444L, -1928139994L, 784209351L, 280537863L, 175481027L, 
359363185L, -1457796674L, -1399614414L, 724865290L, 791046592L, 
-712277511L, -1917044219L, 1842412949L, 580064310L, -538278671L, 
-933053592L, -564580771L, 89053598L, -676513553L, -117250886L, 
1166644833L, -715416018L, -519979487L, 49217036L, 363890877L, 
556393394L, 500965399L, -1446891946L, 1696833245L, 533980166L, 
-472448655L, 1629147752L, -1088766379L, -892796346L, 1039519247L, 
1304178538L, -267169183L, -1949616586L, -1755209399L, -63708804L, 
903791213L, 411036362L, 98126751L, -907328266L, -1912721779L, 
-2022481306L, -66562303L, 325010152L, 1604468221L, -1063326562L, 
2042462591L, 1521600522L, 648545089L, 576034782L, -63921471L, 
-539174084L, 845476349L, 717903826L, -659838585L, 1458886006L, 
63892253L, -549476442L, 95581425L, 1360807672L, 422522165L, 1203563270L, 
1990304207L, 839319242L, 1141644881L, -1179717082L, -1293366871L, 
1544967841L, 413558840L, -1713719198L, -24290539L, 1778803121L, 
-1877220982L, 639668084L, 261182061L, 817044625L, 634416596L, 
-285295734L, 705376265L, 733387129L, 767253466L, -228992224L, 
1963108713L, -471124215L, 1579716192L, 889748178L, -566336571L, 
2139001913L, 664101538L, -1319188212L, 1091610885L, -485751511L, 
-1872317804L, 1142634186L, 1218222897L, -1525237775L, 1467586626L, 
-331900768L, 899810857L, -1351665103L, -249955848L, -1903258030L, 
-73710859L, -1575642191L, 1527427338L, -941632140L, -933176627L, 
1961874145L, -830745596L, 1718548890L, -1889853687L, 1017472921L, 
-1350610262L, -1727635456L, -297923175L, 199795657L, -1473598352L, 
1850527970L, 1276736805L, -279250999L, 7357586L, 1759855004L, 
-1454561675L, 843906889L, -907517308L, 942877050L, 350015137L, 
-769875583L, 547479842L, 213122496L, -897374951L, 1684342497L, 
-962299848L, 259720226L, -883199531L, 878123665L, -839468598L, 
1206211188L, -333619283L, -2109811215L, -429069164L, -1954968278L, 
-1903366615L, -278839815L, 348509274L, -543306048L, -154128791L, 
1476634825L, 1250049952L, 1365304786L, 1295188421L, 1956657113L, 
-965838366L, -583102516L, 675517317L, -2076838071L, 1475099220L, 
18114442L, -1979439791L, 86206321L, -473938462L, -506947264L, 
